S001
1
941580370
873496501
625173980
394867152
152349708
786251439
237918645
518634297
469725813
941582376
873496521
625173984
394867152
152349768
786251439
237918645
518634297
469725813
s003
2
316279854
495038706
782645931
237954168
864317295
951862347
129586473
643721589
578493612
316279854
495138726
782645931
237954168
864317295
951862347
129586473
643721589
578493612
s004
3
946321085
385647109
172958463
518472396
694183572
237569814
459816237
761234958
823795641
946321785
385647129
172958463
518472396
694183572
237569814
459816237
761234958
823795641