S001
1
000000000
070090000
605003084
004000052
050300700
000001400
037008005
000004000
409720003
941582376
873496521
625173984
394867152
152349768
786251439
237918645
518634297
469725813
s003
2
006079800
000100000
002640000
000000008
004007290
050860300
109000470
040000009
500000010
316279854
495138726
782645931
237954168
864317295
951862347
129586473
643721589
578493612
s004
3
006300705
000000020
172000000
000470090
004100500
037500004
000006030
000000008
003795600
946321785
385647129
172958463
518472396
694183572
237569814
459816237
761234958
823795641